0 0.0139823 0.027923 0.0417811 0.0555172 0.0690942 0.0824779 0.0956371 0.108544 0.121176 0.133512 0.145536 0.157237 0.168604 0.179633 0.19032 0.200665 0.21067 0.220338 0.229675 0.238688 0.247384 0.255771 0.263859 0.271657 0.279176 0.286424 0.293412 0.30015 0.306648 0.312915 0.31896 0.324794 0.330424 0.33586 0.341109 0.34618 0.35108 0.355817 0.360397 0.364828 0.369116 0.373266 0.377286 0.38118 0.384955 0.388614 0.392164 0.395608 0.398952 0.402199 
0 0.014453 0.028859 0.043172 0.057348 0.0713457 0.0851269 0.0986576 0.111908 0.124853 0.137472 0.149748 0.16167 0.173228 0.184418 0.19524 0.205693 0.215782 0.225512 0.234891 0.243926 0.252627 0.261005 0.26907 0.276833 0.284306 0.2915 0.298426 0.305094 0.311517 0.317704 0.323665 0.329411 0.334951 0.340294 0.34545 0.350425 0.35523 0.35987 0.364354 0.368688 0.37288 0.376935 0.38086 0.384661 0.388343 0.391911 0.39537 0.398725 0.401981 0.405139 
0 0.0149709 0.0298886 0.0447011 0.0593588 0.0738154 0.0880286 0.101961 0.115581 0.12886 0.141778 0.154319 0.16647 0.178224 0.189578 0.200533 0.211091 0.221259 0.231044 0.240456 0.249504 0.258201 0.266559 0.274591 0.282308 0.289725 0.296853 0.303705 0.310294 0.316631 0.322728 0.328595 0.334244 0.339685 0.344927 0.34998 0.354853 0.359554 0.36409 0.368471 0.372703 0.376792 0.380746 0.384571 0.388272 0.391856 0.395328 0.398692 0.401953 0.405117 0.408185 
0 0.0155425 0.0310244 0.0463865 0.0615726 0.0765307 0.0912138 0.105581 0.119596 0.133233 0.146467 0.159284 0.171672 0.183626 0.195144 0.206229 0.216887 0.227127 0.236958 0.246392 0.255443 0.264124 0.27245 0.280435 0.288094 0.295442 0.302492 0.309259 0.315757 0.321997 0.327993 0.333756 0.339298 0.34463 0.349762 0.354704 0.359466 0.364055 0.368481 0.372751 0.376873 0.380854 0.3847 0.388419 0.392016 0.395496 0.398866 0.40213 0.405294 0.408361 0.411334 
0 0.0161752 0.0322808 0.0482491 0.0640162 0.0795233 0.0947178 0.109554 0.123995 0.138011 0.151578 0.164682 0.177313 0.189468 0.201148 0.212359 0.223109 0.23341 0.243275 0.25272 0.261759 0.27041 0.27869 0.286614 0.294201 0.301466 0.308425 0.315094 0.321487 0.327618 0.333502 0.33915 0.344574 0.349788 0.3548 0.359622 0.364263 0.368733 0.37304 0.377192 0.381198 0.385063 0.388796 0.392403 0.395889 0.399261 0.402524 0.405684 0.408744 0.411711 0.414585 
0 0.0168778 0.0336752 0.0503143 0.0667216 0.0828305 0.0985822 0.113927 0.128823 0.143241 0.157157 0.170558 0.183436 0.195791 0.207628 0.218956 0.229786 0.240136 0.250021 0.25946 0.268472 0.277076 0.285293 0.293141 0.300639 0.307806 0.314659 0.321215 0.32749 0.333499 0.339257 0.344777 0.350073 0.355157 0.36004 0.364732 0.369244 0.373586 0.377766 0.381793 0.385675 0.389418 0.393031 0.39652 0.39989 0.403148 0.4063 0.40935 0.412303 0.415164 0.417935 
0 0.0176613 0.0352289 0.0526123 0.0697271 0.0864971 0.102856 0.118749 0.134133 0.148976 0.163256 0.176961 0.190087 0.202638 0.214622 0.226055 0.236952 0.247333 0.25722 0.266634 0.2756 0.284138 0.292273 0.300026 0.307418 0.314469 0.321199 0.327626 0.333768 0.339641 0.34526 0.350641 0.355796 0.360739 0.365481 0.370034 0.374408 0.378613 0.382658 0.386552 0.390302 0.393917 0.397403 0.400768 0.404016 0.407155 0.41019 0.413125 0.415966 0.418718 0.421381 
0 0.0185387 0.0369675 0.0551802 0.073079 0.0905765 0.107598 0.124084 0.139988 0.155278 0.169933 0.183946 0.197317 0.210055 0.222175 0.233695 0.244638 0.25503 0.264897 0.274265 0.283161 0.291612 0.299643 0.30728 0.314545 0.321462 0.32805 0.334332 0.340324 0.346046 0.351512 0.356739 0.361741 0.366532 0.371122 0.375526 0.379752 0.383811 0.387712 0.391465 0.395077 0.398556 0.401909 0.405143 0.408264 0.411278 0.414191 0.417007 0.419731 0.422369 0.424921 
0 0.0195266 0.0389227 0.0580633 0.0768337 0.0951334 0.112879 0.130003 0.14646 0.162217 0.177257 0.191578 0.205185 0.218096 0.230331 0.241917 0.252883 0.263259 0.273079 0.282374 0.291175 0.299513 0.307416 0.314913 0.322029 0.32879 0.335218 0.341335 0.347161 0.352715 0.358013 0.363073 0.367909 0.372534 0.376962 0.381205 0.385273 0.389177 0.392926 0.39653 0.399996 0.403332 0.406546 0.409643 0.412631 0.415515 0.4183 0.420992 0.423595 0.426114 0.428551 
0 0.0206453 0.0411342 0.0613176 0.0810604 0.100246 0.118781 0.136594 0.153634 0.169875 0.185304 0.199925 0.213755 0.226817 0.239142 0.250764 0.261721 0.272051 0.281793 0.290983 0.299659 0.307855 0.315603 0.322934 0.329877 0.33646 0.342706 0.348638 0.354279 0.359648 0.364763 0.36964 0.374296 0.378744 0.382997 0.387068 0.390969 0.394708 0.398297 0.401743 0.405056 0.408242 0.411309 0.414264 0.417113 0.419861 0.422514 0.425077 0.427554 0.429951 0.432269 
0 0.0219209 0.0436519 0.0650135 0.0858453 0.106012 0.125409 0.143958 0.161612 0.178347 0.194162 0.209069 0.223096 0.236279 0.248659 0.260281 0.271192 0.281437 0.291063 0.300114 0.30863 0.31665 0.324213 0.33135 0.338093 0.344473 0.350514 0.356241 0.361678 0.366844 0.371758 0.376438 0.380899 0.385157 0.389224 0.393113 0.396835 0.4004 0.403819 0.4071 0.410252 0.413281 0.416195 0.419001 0.421705 0.424312 0.426828 0.429257 0.431605 0.433875 0.43607 
0 0.0233866 0.0465396 0.0692403 0.0912962 0.11255 0.132885 0.15222 0.170511 0.187744 0.203929 0.219096 0.233286 0.246548 0.258938 0.270514 0.281332 0.291448 0.300915 0.309784 0.318101 0.325911 0.333254 0.340166 0.346681 0.352831 0.358643 0.364143 0.369354 0.374299 0.378996 0.383462 0.387715 0.391769 0.395637 0.399333 0.402866 0.406248 0.409489 0.412596 0.415579 0.418445 0.4212 0.423851 0.426404 0.428865 0.431239 0.43353 0.435743 0.437882 0.43995 
0 0.0250861 0.0498804 0.0741125 0.0975501 0.12001 0.141362 0.161527 0.180469 0.19819 0.214719 0.230104 0.244406 0.257693 0.270037 0.281509 0.292179 0.302112 0.31137 0.32001 0.328086 0.335645 0.342731 0.349385 0.355641 0.361533 0.367091 0.37234 0.377306 0.382009 0.386471 0.390708 0.394738 0.398575 0.402232 0.405723 0.409057 0.412247 0.4153 0.418226 0.421033 0.423727 0.426317 0.428807 0.431205 0.433514 0.435741 0.43789 0.439964 0.441969 0.443906 
0 0.0270776 0.053784 0.07978 0.104783 0.128579 0.151029 0.172059 0.191652 0.209832 0.226655 0.242197 0.256543 0.269784 0.282011 0.293311 0.303766 0.313455 0.322447 0.330807 0.338593 0.345857 0.352648 0.359006 0.364971 0.370576 0.375853 0.380827 0.385525 0.389969 0.394177 0.398169 0.401961 0.405568 0.409002 0.412276 0.415402 0.418389 0.421247 0.423983 0.426607 0.429124 0.431542 0.433866 0.436102 0.438255 0.44033 0.442332 0.444264 0.446131 0.447933 
0 0.0294404 0.0583986 0.0864418 0.113222 0.138495 0.162117 0.18403 0.204248 0.222832 0.239876 0.255489 0.269789 0.282893 0.294915 0.30596 0.316125 0.325499 0.334161 0.342182 0.349626 0.356549 0.363001 0.369027 0.374667 0.379955 0.384922 0.389598 0.394006 0.398169 0.402107 0.405837 0.409377 0.412739 0.415939 0.418986 0.421893 0.424669 0.427322 0.429862 0.432295 0.434628 0.436868 0.43902 0.44109 0.443082 0.445001 0.446852 0.448638 0.450362 0.452028 
0 0.0322856 0.0639288 0.0943668 0.123171 0.150065 0.174914 0.197698 0.21848 0.237376 0.254529 0.270097 0.284233 0.297088 0.3088 0.319492 0.329279 0.338258 0.346519 0.354138 0.361184 0.367715 0.373785 0.379439 0.384719 0.389658 0.39429 0.398641 0.402738 0.406601 0.41025 0.413703 0.416975 0.420081 0.423033 0.425843 0.428521 0.431077 0.433518 0.435853 0.438089 0.440232 0.442289 0.444264 0.446162 0.447989 0.449748 0.451444 0.45308 0.454659 0.456184 
0 0.0357735 0.0706645 0.103926 0.13503 0.16368 0.189776 0.213369 0.234601 0.253664 0.270771 0.286137 0.299961 0.31243 0.323706 0.333934 0.343243 0.35174 0.359523 0.366672 0.37326 0.379348 0.384989 0.390231 0.395115 0.399675 0.403942 0.407945 0.411708 0.415251 0.418594 0.421754 0.424746 0.427583 0.430277 0.432839 0.435279 0.437606 0.439827 0.441951 0.443983 0.44593 0.447798 0.449591 0.451313 0.452971 0.454566 0.456103 0.457586 0.459017 0.460397 
0 0.0401442 0.0790296 0.115644 0.149346 0.179849 0.207145 0.231404 0.252891 0.271908 0.288757 0.30372 0.317049 0.328965 0.339661 0.3493 0.35802 0.365941 0.373163 0.379771 0.385839 0.39143 0.396597 0.401386 0.405838 0.409988 0.413864 0.417495 0.420902 0.424107 0.427127 0.429979 0.432676 0.435232 0.437657 0.439962 0.442155 0.444245 0.44624 0.448145 0.449968 0.451714 0.453388 0.454994 0.456536 0.45802 0.459448 0.460823 0.462149 0.463429 0.464663 
0 0.045774 0.0896656 0.130277 0.16686 0.199225 0.22755 0.252211 0.273653 0.292323 0.308631 0.322938 0.33555 0.346724 0.356677 0.365586 0.3736 0.380843 0.387419 0.393413 0.3989 0.40394 0.408586 0.412883 0.416869 0.420577 0.424036 0.427271 0.430303 0.433152 0.435834 0.438363 0.440754 0.443017 0.445163 0.447201 0.449139 0.450985 0.452746 0.454428 0.456036 0.457575 0.45905 0.460465 0.461824 0.46313 0.464387 0.465597 0.466764 0.46789 0.468976 
0 0.0532862 0.103582 0.148937 0.188593 0.222641 0.251623 0.276238 0.297187 0.3151 0.330509 0.343854 0.35549 0.365708 0.374738 0.382769 0.389953 0.396416 0.402258 0.407566 0.412409 0.416846 0.420927 0.424693 0.42818 0.431419 0.434436 0.437253 0.439891 0.442367 0.444696 0.44689 0.448962 0.450923 0.45278 0.454543 0.45622 0.457815 0.459337 0.460789 0.462177 0.463505 0.464777 0.465997 0.467169 0.468295 0.469378 0.470421 0.471425 0.472395 0.47333 
0 0.0637882 0.12244 0.173297 0.215934 0.251126 0.280061 0.30393 0.32376 0.340382 0.354452 0.366478 0.376851 0.385879 0.393799 0.4008 0.40703 0.412609 0.417635 0.422186 0.426327 0.430111 0.433585 0.436784 0.439742 0.442486 0.445038 0.447418 0.449645 0.451733 0.453695 0.455543 0.457286 0.458935 0.460496 0.461977 0.463384 0.464723 0.466 0.467217 0.468381 0.469494 0.47056 0.471582 0.472563 0.473506 0.474412 0.475285 0.476126 0.476937 0.477719 
0 0.0794342 0.149098 0.205884 0.250725 0.285872 0.313574 0.335668 0.353545 0.368223 0.380447 0.39076 0.399565 0.407165 0.413787 0.419608 0.424764 0.429364 0.433494 0.437223 0.440608 0.443696 0.446524 0.449125 0.451527 0.453751 0.455819 0.457745 0.459546 0.461232 0.462816 0.464307 0.465713 0.467042 0.4683 0.469492 0.470625 0.471703 0.47273 0.473709 0.474644 0.475539 0.476396 0.477217 0.478005 0.478762 0.47949 0.48019 0.480866 0.481516 0.482144 
0 0.104724 0.188543 0.250318 0.295114 0.327966 0.352597 0.371529 0.386433 0.398423 0.408255 0.416454 0.42339 0.429333 0.434481 0.438985 0.44296 0.446494 0.449659 0.452509 0.455092 0.457444 0.459595 0.461571 0.463394 0.46508 0.466646 0.468104 0.469465 0.47074 0.471937 0.473063 0.474124 0.475126 0.476075 0.476974 0.477828 0.47864 0.479413 0.48015 0.480855 0.481528 0.482173 0.482791 0.483384 0.483953 0.484501 0.485028 0.485535 0.486025 0.486497 
0 0.153026 0.251712 0.313467 0.353179 0.380012 0.399051 0.413148 0.423965 0.432512 0.43943 0.445142 0.44994 0.454027 0.457552 0.460624 0.463328 0.465726 0.467869 0.469796 0.471539 0.473125 0.474574 0.475903 0.477128 0.478261 0.479313 0.480291 0.481204 0.482059 0.482861 0.483615 0.484326 0.484997 0.485632 0.486233 0.486804 0.487348 0.487865 0.488358 0.488829 0.489279 0.48971 0.490123 0.490519 0.490899 0.491265 0.491617 0.491956 0.492283 0.492598 
0 0.220419 0.321164 0.367569 0.393068 0.408797 0.41939 0.426992 0.432713 0.437174 0.440753 0.443689 0.446144 0.448227 0.450018 0.451577 0.452945 0.454157 0.455239 0.456211 0.457089 0.457887 0.458616 0.459285 0.4599 0.460469 0.460997 0.461488 0.461947 0.462376 0.462778 0.463156 0.463512 0.463849 0.464167 0.464468 0.464754 0.465026 0.465286 0.465533 0.465768 0.465994 0.46621 0.466416 0.466615 0.466805 0.466988 0.467164 0.467334 0.467498 0.467656 
1 1 1 1 1 1 1 1 1 1 1 1 1 1 1 1 1 1 1 1 1 1 1 1 1 1 1 1 1 1 1 1 1 1 1 1 1 1 1 1 1 1 1 1 1 1 1 1 1 1 1 
