0 0.0144529 0.0288588 0.0431717 0.0573477 0.0713452 0.0851263 0.098657 0.111907 0.124852 0.137471 0.149747 0.161668 0.173227 0.184417 0.195238 0.205692 0.215781 0.225511 0.234889 0.243924 0.252625 0.261003 0.269068 0.276831 0.284304 0.291498 0.298423 0.305092 0.311514 0.317701 0.323663 0.329409 0.334949 0.340292 0.345447 0.350423 0.355227 0.359867 0.364351 0.368685 0.372877 0.376932 0.380858 0.384658 0.38834 0.391908 0.395367 0.398722 0.401978 0.405139 
0 0.0139824 0.0279232 0.0417813 0.0555176 0.0690947 0.0824785 0.0956377 0.108545 0.121177 0.133513 0.145537 0.157238 0.168606 0.179634 0.190322 0.200667 0.210671 0.22034 0.229677 0.23869 0.247386 0.255773 0.263861 0.271659 0.279178 0.286426 0.293414 0.300152 0.30665 0.312917 0.318963 0.324797 0.330427 0.335863 0.341112 0.346183 0.351083 0.35582 0.3604 0.364831 0.369119 0.373269 0.377289 0.381183 0.384958 0.388617 0.392167 0.395611 0.398955 0.402199 
0 0.0135541 0.027071 0.0405141 0.0538481 0.0670396 0.0800574 0.0928732 0.105461 0.1178 0.12987 0.141656 0.153145 0.164328 0.175199 0.185752 0.195988 0.205905 0.215507 0.224797 0.23378 0.242462 0.25085 0.258952 0.266776 0.27433 0.281624 0.288665 0.295463 0.302027 0.308365 0.314486 0.320398 0.326111 0.331631 0.336967 0.342125 0.347114 0.351941 0.356611 0.361132 0.365509 0.36975 0.373858 0.377841 0.381703 0.385449 0.389084 0.392613 0.396041 0.399367 
0 0.0131635 0.0262936 0.0393574 0.0523232 0.0651607 0.0778415 0.0903396 0.102632 0.114697 0.126517 0.138077 0.149364 0.16037 0.171086 0.181509 0.191635 0.201463 0.210995 0.220233 0.22918 0.237842 0.246224 0.254332 0.262174 0.269755 0.277085 0.284171 0.29102 0.297641 0.304042 0.310231 0.316214 0.322001 0.327598 0.333013 0.338252 0.343323 0.348232 0.352986 0.357591 0.362053 0.366377 0.370569 0.374635 0.37858 0.382408 0.386124 0.389734 0.39324 0.396645 
0 0.0128068 0.0255835 0.0383004 0.0509287 0.063441 0.0758114 0.0880159 0.100033 0.111843 0.123428 0.134775 0.145872 0.156707 0.167275 0.177569 0.187587 0.197326 0.206786 0.215968 0.224876 0.233513 0.241882 0.24999 0.257842 0.265444 0.272803 0.279925 0.286818 0.293489 0.299945 0.306194 0.312241 0.318095 0.323762 0.329248 0.334562 0.339709 0.344695 0.349526 0.354209 0.358749 0.363152 0.367423 0.371567 0.375589 0.379495 0.383288 0.386973 0.390554 0.394033 
0 0.0124808 0.0249342 0.0373335 0.0496524 0.0618659 0.0739503 0.0858835 0.0976452 0.109217 0.120584 0.131731 0.142646 0.15332 0.163745 0.173915 0.183826 0.193476 0.202863 0.211988 0.220853 0.22946 0.237813 0.245915 0.253772 0.261388 0.268769 0.275922 0.282852 0.289566 0.29607 0.302371 0.308476 0.31439 0.32012 0.325673 0.331054 0.33627 0.341327 0.346231 0.350986 0.355599 0.360076 0.36442 0.368637 0.372733 0.376711 0.380576 0.384333 0.387985 0.391534 
0 0.0121826 0.0243403 0.0364486 0.0484838 0.0604227 0.0722437 0.0839262 0.0954517 0.106803 0.117965 0.128923 0.139668 0.150188 0.160477 0.170527 0.180335 0.189897 0.199212 0.208279 0.217099 0.225673 0.234005 0.242097 0.249954 0.257579 0.264977 0.272154 0.279115 0.285866 0.292413 0.29876 0.304916 0.310884 0.316671 0.322284 0.327728 0.333008 0.33813 0.343099 0.347922 0.352603 0.357148 0.361561 0.365847 0.370011 0.374057 0.37799 0.381814 0.385533 0.389148 
0 0.0119097 0.0237968 0.0356387 0.0474135 0.0591003 0.0706787 0.0821301 0.0934368 0.104583 0.115554 0.126336 0.13692 0.147295 0.157454 0.16739 0.177098 0.186574 0.195818 0.204826 0.2136 0.22214 0.230448 0.238527 0.246379 0.254008 0.261419 0.268616 0.275602 0.282385 0.288968 0.295357 0.301557 0.307574 0.313413 0.31908 0.32458 0.329919 0.335101 0.340132 0.345017 0.349761 0.354369 0.358846 0.363196 0.367423 0.371534 0.37553 0.379418 0.3832 0.386877 
0 0.0116602 0.0232996 0.0348975 0.0464337 0.0578889 0.0692444 0.0804826 0.0915871 0.102543 0.113336 0.123955 0.134388 0.144626 0.154662 0.164489 0.174101 0.183495 0.192668 0.201618 0.210346 0.21885 0.227133 0.235195 0.24304 0.25067 0.258089 0.2653 0.272308 0.279117 0.285732 0.292157 0.298397 0.304458 0.310344 0.31606 0.321611 0.327003 0.33224 0.337328 0.34227 0.347072 0.351739 0.356275 0.360685 0.364972 0.369142 0.373198 0.377145 0.380986 0.384722 
0 0.0114321 0.022845 0.0342196 0.0455374 0.0567802 0.0679308 0.0789728 0.0898908 0.100671 0.111299 0.121765 0.132058 0.142168 0.152087 0.16181 0.171331 0.180646 0.189751 0.198644 0.207325 0.215793 0.224049 0.232093 0.239928 0.247556 0.25498 0.262202 0.269227 0.276059 0.282701 0.289157 0.295433 0.301532 0.30746 0.313221 0.318819 0.324259 0.329547 0.334686 0.339681 0.344537 0.349258 0.353849 0.358314 0.362657 0.366882 0.370994 0.374996 0.378892 0.382683 
0 0.0112238 0.0224299 0.0336005 0.0447183 0.0557667 0.0667294 0.0775911 0.0883374 0.0989549 0.109431 0.119755 0.129917 0.139907 0.149718 0.159343 0.168777 0.178016 0.187055 0.195894 0.204529 0.212961 0.221189 0.229213 0.237037 0.24466 0.252085 0.259316 0.266355 0.273205 0.27987 0.286354 0.292661 0.298795 0.30476 0.31056 0.316201 0.321686 0.327019 0.332205 0.337249 0.342154 0.346926 0.351567 0.356083 0.360478 0.364755 0.368918 0.372972 0.37692 0.380761 
0 0.011034 0.0220514 0.0330359 0.0439712 0.0548418 0.0656326 0.0763291 0.0869177 0.0973858 0.107722 0.117914 0.127954 0.137832 0.147542 0.157075 0.166428 0.175594 0.184572 0.193357 0.201948 0.210343 0.218543 0.226548 0.234358 0.241975 0.2494 0.256636 0.263686 0.270551 0.277236 0.283744 0.290078 0.296243 0.302241 0.308078 0.313756 0.319281 0.324656 0.329886 0.334974 0.339924 0.344742 0.34943 0.353993 0.358435 0.36276 0.366971 0.371073 0.375068 0.378958 
0 0.0108613 0.0217072 0.0325222 0.0432913 0.0539999 0.0646337 0.0751791 0.0856234 0.0959544 0.106161 0.116233 0.12616 0.135935 0.14555 0.154998 0.164274 0.173372 0.182291 0.191025 0.199573 0.207934 0.216106 0.22409 0.231886 0.239495 0.246919 0.254158 0.261215 0.268094 0.274796 0.281324 0.287682 0.293874 0.299902 0.30577 0.311483 0.317044 0.322457 0.327726 0.332854 0.337846 0.342706 0.347437 0.352044 0.35653 0.360898 0.365154 0.369299 0.373339 0.377272 
0 0.0107047 0.021395 0.0320563 0.0426745 0.0532358 0.0637268 0.0741348 0.0844474 0.0946532 0.104741 0.114702 0.124526 0.134206 0.143733 0.153102 0.162306 0.171342 0.180204 0.18889 0.197398 0.205725 0.21387 0.221834 0.229616 0.237216 0.244635 0.251876 0.25894 0.265828 0.272544 0.27909 0.28547 0.291685 0.297739 0.303637 0.30938 0.314974 0.320421 0.325725 0.33089 0.33592 0.340818 0.345588 0.350235 0.354761 0.35917 0.363465 0.367652 0.371732 0.375706 
0 0.0105633 0.021113 0.0316354 0.0421171 0.0525452 0.0629069 0.0731901 0.0833831 0.0934751 0.103456 0.113315 0.123045 0.132637 0.142084 0.151379 0.160517 0.169494 0.178304 0.186946 0.195415 0.20371 0.211829 0.219773 0.22754 0.235131 0.242546 0.249787 0.256855 0.263752 0.270479 0.277041 0.283438 0.289674 0.295752 0.301675 0.307446 0.313068 0.318546 0.323882 0.32908 0.334144 0.339077 0.343883 0.348566 0.353128 0.357574 0.361907 0.36613 0.370248 0.374258 
0 0.0104363 0.0208596 0.031257 0.041616 0.0519242 0.0621694 0.0723401 0.0824251 0.0924141 0.102297 0.112065 0.121709 0.131221 0.140594 0.149823 0.158901 0.167823 0.176585 0.185185 0.193618 0.201883 0.209978 0.217902 0.225654 0.233236 0.240646 0.247886 0.254957 0.26186 0.268598 0.275172 0.281585 0.287839 0.293937 0.299883 0.305678 0.311327 0.316832 0.322197 0.327425 0.332519 0.337484 0.342322 0.347037 0.351632 0.356111 0.360478 0.364735 0.368886 0.372931 
0 0.0103228 0.0206332 0.0309191 0.0411684 0.0513693 0.0615102 0.0715801 0.0815684 0.091465 0.10126 0.110945 0.120512 0.129952 0.139259 0.148427 0.157449 0.166322 0.17504 0.183601 0.192001 0.200238 0.20831 0.216216 0.223955 0.231526 0.238931 0.246169 0.253242 0.26015 0.266896 0.273481 0.279907 0.286177 0.292294 0.298259 0.304076 0.309747 0.315277 0.320667 0.325922 0.331044 0.336037 0.340903 0.345648 0.350273 0.354782 0.359179 0.363467 0.367648 0.371723 
0 0.0102223 0.0204328 0.0306198 0.0407719 0.0508776 0.060926 0.0709065 0.0808087 0.090623 0.10034 0.109951 0.119449 0.128824 0.138072 0.147185 0.156158 0.164986 0.173665 0.18219 0.19056 0.198771 0.206822 0.214711 0.222436 0.229999 0.237398 0.244634 0.251707 0.25862 0.265372 0.271966 0.278404 0.284688 0.29082 0.296802 0.302638 0.30833 0.313881 0.319293 0.324571 0.329718 0.334735 0.339628 0.344398 0.34905 0.353586 0.35801 0.362325 0.366534 0.370636 
0 0.0101342 0.0202571 0.0303575 0.0404242 0.0504465 0.0604137 0.0703156 0.0801422 0.0898841 0.0995323 0.109078 0.118515 0.127833 0.137028 0.146093 0.155022 0.16381 0.172453 0.180947 0.18929 0.197478 0.205509 0.213382 0.221096 0.22865 0.236043 0.243277 0.250351 0.257266 0.264024 0.270626 0.277073 0.283368 0.289513 0.295511 0.301363 0.307072 0.312642 0.318074 0.323373 0.32854 0.33358 0.338495 0.343288 0.347963 0.352523 0.356971 0.361309 0.365543 0.369669 
0 0.0100581 0.0201053 0.0301307 0.0401238 0.0500739 0.0599708 0.0698046 0.0795656 0.0892448 0.0988333 0.108323 0.117706 0.126975 0.136124 0.145146 0.154036 0.16279 0.171402 0.179868 0.188187 0.196354 0.204368 0.212227 0.21993 0.227476 0.234864 0.242095 0.249169 0.256086 0.262848 0.269457 0.275912 0.282217 0.288374 0.294384 0.30025 0.305974 0.31156 0.317009 0.322325 0.327511 0.33257 0.337504 0.342318 0.347013 0.351593 0.356061 0.360421 0.364675 0.368823 
0 0.00999355 0.0199765 0.0299385 0.039869 0.0497578 0.059595 0.069371 0.0790764 0.0887021 0.0982398 0.107681 0.117019 0.126246 0.135355 0.144341 0.153198 0.161922 0.170507 0.17895 0.187248 0.195397 0.203396 0.211243 0.218936 0.226475 0.233858 0.241087 0.24816 0.255079 0.261845 0.268458 0.27492 0.281233 0.287399 0.29342 0.299297 0.305035 0.310634 0.316098 0.321429 0.32663 0.331705 0.336656 0.341486 0.346198 0.350796 0.355282 0.35966 0.363932 0.368097 
0 0.00994026 0.0198702 0.0297797 0.0396585 0.0494967 0.0592846 0.0690128 0.078672 0.0882536 0.0977491 0.107151 0.116451 0.125643 0.134719 0.143675 0.152505 0.161203 0.169766 0.178189 0.186469 0.194604 0.20259 0.210426 0.218111 0.225644 0.233023 0.240249 0.247322 0.254242 0.26101 0.267628 0.274095 0.280415 0.286589 0.292618 0.298505 0.304253 0.309863 0.315339 0.320682 0.325897 0.330985 0.335949 0.340793 0.34552 0.350132 0.354633 0.359025 0.363312 0.367492 
0 0.00989794 0.0197858 0.0296536 0.0394913 0.0492893 0.059038 0.0687282 0.0783507 0.0878972 0.0973592 0.106729 0.115999 0.125163 0.134213 0.143145 0.151953 0.160631 0.169176 0.177583 0.185849 0.193972 0.201948 0.209776 0.217454 0.224981 0.232357 0.239581 0.246654 0.253575 0.260345 0.266965 0.273437 0.279762 0.285941 0.291977 0.297872 0.303628 0.309247 0.314732 0.320086 0.32531 0.330409 0.335384 0.340239 0.344977 0.349601 0.354113 0.358517 0.362816 0.367008 
0 0.00986638 0.0197228 0.0295595 0.0393667 0.0491346 0.0588541 0.0685158 0.0781111 0.0876312 0.0970682 0.106414 0.115662 0.124805 0.133836 0.14275 0.151541 0.160204 0.168735 0.17713 0.185386 0.193499 0.201468 0.209289 0.216962 0.224486 0.231859 0.239082 0.246153 0.253075 0.259846 0.266469 0.272944 0.279272 0.285456 0.291498 0.297398 0.30316 0.308786 0.314278 0.319638 0.32487 0.329977 0.334961 0.339824 0.34457 0.349203 0.353724 0.358136 0.362444 0.366645 
0 0.00984543 0.019681 0.0294971 0.0392839 0.0490319 0.0587319 0.0683748 0.0779519 0.0874546 0.0968749 0.106205 0.115438 0.124567 0.133585 0.142487 0.151266 0.15992 0.168442 0.176829 0.185078 0.193185 0.201148 0.208965 0.216635 0.224156 0.231528 0.238749 0.24582 0.252742 0.259515 0.266139 0.272616 0.278947 0.285134 0.291178 0.297082 0.302848 0.308478 0.313975 0.31934 0.324577 0.329689 0.334678 0.339547 0.344299 0.348937 0.353464 0.357883 0.362196 0.366403 
0 0.00983497 0.0196602 0.0294659 0.0392426 0.0489807 0.058671 0.0683045 0.0778724 0.0873664 0.0967784 0.106101 0.115326 0.124448 0.13346 0.142355 0.15113 0.159778 0.168296 0.176679 0.184924 0.193028 0.200989 0.208804 0.216472 0.223992 0.231362 0.238583 0.245654 0.252576 0.259349 0.265974 0.272451 0.278784 0.284972 0.291018 0.296924 0.302692 0.308324 0.313823 0.319191 0.324431 0.329545 0.334537 0.339409 0.344164 0.348804 0.353334 0.357756 0.362072 0.366282 
0 0.00983484 0.0196599 0.0294655 0.039242 0.04898 0.0586702 0.0683035 0.0778714 0.0873652 0.0967771 0.106099 0.115325 0.124446 0.133458 0.142353 0.151128 0.159776 0.168293 0.176676 0.184921 0.193025 0.200986 0.208801 0.216469 0.223988 0.231359 0.23858 0.245651 0.252572 0.259345 0.26597 0.272448 0.27878 0.284968 0.291014 0.29692 0.302688 0.30832 0.313819 0.319187 0.324427 0.329541 0.334533 0.339404 0.344159 0.3488 0.35333 0.357751 0.362068 0.366282 
