0.362068 0.366282 0.370397 0.374416 0.378341 0.382176 0.385923 0.389586 0.393166 0.396667 0.400092 0.403443 0.406723 0.409935 0.41308 0.416162 0.419182 0.422144 0.42505 0.427901 0.430701 0.433451 0.436153 0.43881 0.441424 0.443996 0.44653 0.449025 0.451485 0.453912 0.456306 0.45867 0.461006 0.463315 0.4656 0.46786 0.470099 0.472318 0.474518 0.476701 0.478868 0.481021 0.483162 0.485291 0.48741 0.489521 0.49163 0.493637 0.497371 0.470046 1 
0.362068 0.366286 0.370401 0.37442 0.378345 0.38218 0.385927 0.38959 0.39317 0.396672 0.400096 0.403447 0.406727 0.409939 0.413084 0.416166 0.419186 0.422148 0.425053 0.427905 0.430704 0.433454 0.436157 0.438814 0.441427 0.444 0.446533 0.449028 0.451488 0.453914 0.456309 0.458673 0.461009 0.463318 0.465602 0.467862 0.470101 0.47232 0.47452 0.476702 0.47887 0.481023 0.483163 0.485292 0.487411 0.489522 0.491631 0.493638 0.497371 0.470046 1 
0.362192 0.366407 0.370519 0.374535 0.378457 0.382289 0.386034 0.389693 0.393271 0.396769 0.400191 0.403539 0.406816 0.410025 0.413167 0.416246 0.419264 0.422223 0.425126 0.427975 0.430772 0.433519 0.436219 0.438873 0.441485 0.444055 0.446585 0.449078 0.451536 0.45396 0.456352 0.458714 0.461047 0.463354 0.465636 0.467894 0.470131 0.472347 0.474545 0.476726 0.478891 0.481041 0.48318 0.485306 0.487424 0.489532 0.491639 0.493644 0.497375 0.470048 1 
0.36244 0.366649 0.370755 0.374765 0.378682 0.382508 0.386246 0.3899 0.393471 0.396964 0.40038 0.403723 0.406994 0.410197 0.413334 0.416408 0.41942 0.422374 0.425271 0.428115 0.430907 0.433649 0.436344 0.438993 0.441599 0.444164 0.44669 0.449178 0.451631 0.454051 0.456438 0.458795 0.461124 0.463426 0.465704 0.467958 0.47019 0.472402 0.474595 0.476772 0.478932 0.481079 0.483213 0.485336 0.487449 0.489553 0.491656 0.493656 0.497384 0.470052 1 
0.362812 0.367012 0.37111 0.37511 0.379018 0.382835 0.386565 0.390209 0.393772 0.397256 0.400664 0.403998 0.407261 0.410455 0.413584 0.416649 0.419654 0.422599 0.425489 0.428325 0.431109 0.433843 0.43653 0.439172 0.441771 0.444329 0.446847 0.449329 0.451774 0.454187 0.456567 0.458917 0.46124 0.463535 0.465806 0.468053 0.470279 0.472484 0.474671 0.476841 0.478995 0.481136 0.483263 0.485379 0.487486 0.489584 0.491681 0.493675 0.497396 0.470058 1 
0.363308 0.367496 0.371582 0.375571 0.379466 0.383271 0.386989 0.390622 0.394174 0.397646 0.401042 0.404365 0.407616 0.4108 0.413917 0.416971 0.419965 0.4229 0.425779 0.428604 0.431378 0.434102 0.436779 0.439411 0.442 0.444548 0.447057 0.449529 0.451965 0.454368 0.456739 0.45908 0.461393 0.46368 0.465942 0.46818 0.470397 0.472594 0.474772 0.476933 0.479079 0.481211 0.48333 0.485438 0.487536 0.489626 0.491714 0.4937 0.497413 0.470067 1 
0.363927 0.368101 0.372172 0.376146 0.380026 0.383817 0.38752 0.391138 0.394675 0.398133 0.401514 0.404823 0.40806 0.411229 0.414333 0.417374 0.420354 0.423276 0.426141 0.428953 0.431714 0.434426 0.43709 0.43971 0.442286 0.444822 0.447319 0.449779 0.452203 0.454594 0.456954 0.459284 0.461585 0.463861 0.466111 0.468339 0.470545 0.47273 0.474898 0.477048 0.479184 0.481305 0.483413 0.485511 0.487598 0.489678 0.491755 0.493731 0.497434 0.470077 1 
0.364671 0.368827 0.372879 0.376835 0.380698 0.384471 0.388156 0.391757 0.395276 0.398716 0.402081 0.405372 0.408592 0.411745 0.414832 0.417856 0.42082 0.423725 0.426575 0.429372 0.432117 0.434813 0.437463 0.440067 0.442629 0.44515 0.447632 0.450078 0.452488 0.454865 0.457211 0.459527 0.461815 0.464077 0.466314 0.468529 0.470721 0.472894 0.475049 0.477186 0.479309 0.481417 0.483513 0.485598 0.487673 0.48974 0.491805 0.493768 0.497458 0.470089 1 
0.365538 0.369673 0.373705 0.37764 0.381481 0.385233 0.388897 0.392477 0.395976 0.399396 0.40274 0.406012 0.409212 0.412345 0.415413 0.418418 0.421363 0.42425 0.427081 0.429859 0.432586 0.435265 0.437897 0.440484 0.443028 0.445532 0.447998 0.450426 0.45282 0.455181 0.457511 0.459811 0.462083 0.464329 0.466551 0.46875 0.470927 0.473085 0.475224 0.477347 0.479454 0.481548 0.483629 0.485699 0.48776 0.489812 0.491863 0.493812 0.497487 0.470104 1 
0.36653 0.37064 0.374647 0.378558 0.382376 0.386104 0.389744 0.3933 0.396776 0.400172 0.403494 0.406742 0.40992 0.41303 0.416076 0.419059 0.421982 0.424848 0.427658 0.430415 0.433122 0.43578 0.438391 0.440959 0.443484 0.445968 0.448414 0.450824 0.453199 0.455541 0.457853 0.460135 0.462389 0.464617 0.466821 0.469002 0.471162 0.473303 0.475425 0.47753 0.479621 0.481697 0.483762 0.485815 0.487859 0.489895 0.491929 0.493861 0.49752 0.47012 1 
0.367644 0.371728 0.375707 0.379591 0.383382 0.387082 0.390696 0.394225 0.397674 0.401044 0.40434 0.407562 0.410715 0.4138 0.416821 0.419779 0.422678 0.425519 0.428306 0.43104 0.433723 0.436358 0.438947 0.441492 0.443995 0.446457 0.448882 0.45127 0.453624 0.455946 0.458236 0.460498 0.462732 0.46494 0.467124 0.469285 0.471426 0.473547 0.47565 0.477736 0.479807 0.481865 0.48391 0.485945 0.48797 0.489987 0.492003 0.493917 0.497557 0.470139 1 
0.368882 0.372935 0.376884 0.380738 0.384498 0.388168 0.391752 0.395252 0.398671 0.402012 0.405278 0.408472 0.411596 0.414654 0.417647 0.420578 0.423449 0.426264 0.429024 0.431732 0.434389 0.436999 0.439563 0.442083 0.444561 0.447 0.4494 0.451765 0.454096 0.456394 0.458661 0.4609 0.463112 0.465297 0.467459 0.469599 0.471718 0.473817 0.475899 0.477964 0.480014 0.482051 0.484075 0.486089 0.488094 0.49009 0.492085 0.493978 0.497598 0.470159 1 
0.370244 0.374263 0.378178 0.381998 0.385724 0.389361 0.392912 0.396379 0.399766 0.403075 0.406309 0.409471 0.412564 0.415591 0.418553 0.421454 0.424296 0.427081 0.429812 0.432491 0.435121 0.437702 0.440238 0.442731 0.445183 0.447594 0.449969 0.452308 0.454612 0.456885 0.459128 0.461341 0.463528 0.46569 0.467827 0.469943 0.472038 0.474114 0.476172 0.478214 0.480241 0.482254 0.484256 0.486247 0.488229 0.490202 0.492175 0.494046 0.497643 0.470182 1 
0.371728 0.37571 0.379588 0.383371 0.387061 0.390661 0.394176 0.397607 0.400958 0.404231 0.407431 0.410559 0.413618 0.41661 0.419539 0.422408 0.425217 0.42797 0.43067 0.433317 0.435916 0.438467 0.440973 0.443436 0.445858 0.448241 0.450587 0.452897 0.455174 0.457419 0.459635 0.461821 0.463981 0.466116 0.468228 0.470317 0.472386 0.474436 0.476469 0.478485 0.480487 0.482476 0.484452 0.486419 0.488376 0.490325 0.492273 0.494119 0.497692 0.470206 1 
0.373335 0.377276 0.381114 0.384856 0.388506 0.392067 0.395542 0.398934 0.402247 0.405482 0.408644 0.411734 0.414756 0.417712 0.420605 0.423438 0.426212 0.428931 0.431596 0.43421 0.436775 0.439293 0.441767 0.444198 0.446588 0.44894 0.451255 0.453534 0.455781 0.457996 0.460182 0.462339 0.46447 0.466577 0.46866 0.470721 0.472762 0.474784 0.476789 0.478778 0.480753 0.482715 0.484664 0.486604 0.488534 0.490457 0.492378 0.494198 0.497745 0.470232 1 
0.375064 0.378961 0.382756 0.386454 0.390061 0.393579 0.397011 0.400361 0.403632 0.406826 0.409947 0.412997 0.415979 0.418896 0.42175 0.424544 0.42728 0.429962 0.43259 0.435168 0.437697 0.44018 0.442618 0.445015 0.447371 0.449689 0.451971 0.454218 0.456432 0.458615 0.460769 0.462895 0.464995 0.46707 0.469123 0.471154 0.473165 0.475157 0.477133 0.479093 0.481038 0.482971 0.484892 0.486803 0.488704 0.490598 0.492491 0.494283 0.497801 0.470261 1 
0.376916 0.380765 0.384512 0.388164 0.391724 0.395195 0.398582 0.401886 0.405112 0.408262 0.411339 0.414345 0.417285 0.42016 0.422972 0.425725 0.428421 0.431062 0.433651 0.43619 0.438681 0.441126 0.443527 0.445887 0.448207 0.450489 0.452735 0.454947 0.457127 0.459275 0.461395 0.463488 0.465555 0.467597 0.469617 0.471616 0.473595 0.475556 0.4775 0.479428 0.481342 0.483244 0.485134 0.487015 0.488886 0.490749 0.492612 0.494373 0.497861 0.470291 1 
0.378889 0.382687 0.386383 0.389984 0.393494 0.396916 0.400253 0.403509 0.406687 0.409789 0.412819 0.41578 0.418674 0.421503 0.424272 0.426981 0.429634 0.432232 0.434779 0.437277 0.439727 0.442131 0.444493 0.446813 0.449095 0.451338 0.453547 0.455721 0.457864 0.459977 0.46206 0.464117 0.466149 0.468157 0.470142 0.472106 0.474051 0.475978 0.477889 0.479784 0.481666 0.483534 0.485392 0.48724 0.489078 0.49091 0.49274 0.494469 0.497925 0.470323 1 
0.380982 0.384726 0.388367 0.391914 0.395371 0.39874 0.402025 0.405229 0.408356 0.411408 0.414388 0.417299 0.420144 0.422926 0.425647 0.42831 0.430917 0.43347 0.435973 0.438426 0.440833 0.443195 0.445515 0.447793 0.450034 0.452237 0.454405 0.456541 0.458644 0.460718 0.462764 0.464783 0.466777 0.468748 0.470697 0.472625 0.474534 0.476425 0.4783 0.480161 0.482007 0.483841 0.485664 0.487477 0.489282 0.491079 0.492876 0.494571 0.497993 0.470357 1 
0.383196 0.386881 0.390464 0.393954 0.397353 0.400666 0.403896 0.407045 0.410117 0.413115 0.416043 0.418902 0.421696 0.424427 0.427098 0.429712 0.43227 0.434776 0.437231 0.439638 0.441999 0.444316 0.446591 0.448826 0.451023 0.453184 0.45531 0.457403 0.459466 0.461499 0.463505 0.465484 0.467439 0.469371 0.471281 0.473171 0.475042 0.476896 0.478734 0.480557 0.482367 0.484164 0.485951 0.487728 0.489496 0.491258 0.493018 0.494678 0.498064 0.470392 1 
0.38553 0.389152 0.392673 0.396102 0.399441 0.402694 0.405864 0.408955 0.41197 0.414911 0.417783 0.420587 0.423327 0.426004 0.428623 0.431184 0.433692 0.436147 0.438553 0.440911 0.443224 0.445493 0.447722 0.44991 0.452062 0.454178 0.45626 0.458309 0.460329 0.462319 0.464283 0.46622 0.468134 0.470025 0.471895 0.473744 0.475576 0.47739 0.479189 0.480973 0.482744 0.484503 0.486252 0.487991 0.489721 0.491445 0.493168 0.49479 0.498139 0.47043 1 
0.387982 0.391537 0.394993 0.398357 0.401632 0.404822 0.40793 0.410959 0.413913 0.416795 0.419607 0.422353 0.425036 0.427657 0.43022 0.432728 0.435181 0.437584 0.439937 0.442244 0.444507 0.446726 0.448905 0.451046 0.45315 0.455218 0.457254 0.459258 0.461232 0.463178 0.465097 0.466991 0.468861 0.470709 0.472536 0.474344 0.476134 0.477907 0.479665 0.481408 0.483139 0.484858 0.486566 0.488266 0.489957 0.491641 0.493325 0.494907 0.498217 0.470469 1 
0.390551 0.394037 0.397423 0.400718 0.403926 0.407049 0.410091 0.413055 0.415945 0.418764 0.421515 0.4242 0.426823 0.429385 0.43189 0.43434 0.436737 0.439084 0.441383 0.443637 0.445846 0.448013 0.450141 0.452231 0.454285 0.456304 0.458291 0.460247 0.462174 0.464073 0.465946 0.467795 0.46962 0.471423 0.473206 0.47497 0.476717 0.478447 0.480161 0.481863 0.483551 0.485228 0.486895 0.488553 0.490202 0.491845 0.493488 0.49503 0.498299 0.47051 1 
0.393237 0.396648 0.399962 0.403184 0.40632 0.409373 0.412346 0.415242 0.418066 0.420818 0.423504 0.426125 0.428685 0.431186 0.43363 0.43602 0.438358 0.440648 0.44289 0.445087 0.447241 0.449354 0.451428 0.453465 0.455467 0.457435 0.459372 0.461278 0.463155 0.465006 0.466831 0.468631 0.470409 0.472166 0.473903 0.475622 0.477323 0.479008 0.480678 0.482335 0.48398 0.485613 0.487236 0.488851 0.490458 0.492058 0.493658 0.495157 0.498384 0.470552 1 
0.396038 0.399371 0.402607 0.405754 0.408815 0.411794 0.414694 0.417519 0.420272 0.422956 0.425573 0.428128 0.430622 0.433058 0.435439 0.437766 0.440043 0.442272 0.444455 0.446593 0.44869 0.450747 0.452765 0.454747 0.456695 0.45861 0.460494 0.462348 0.464174 0.465974 0.467749 0.4695 0.471229 0.472938 0.474627 0.476298 0.477952 0.479591 0.481215 0.482826 0.484425 0.486013 0.487591 0.489161 0.490723 0.492279 0.493834 0.495289 0.498472 0.470596 1 
0.398952 0.402202 0.405358 0.408425 0.411407 0.414309 0.417133 0.419883 0.422563 0.425175 0.427721 0.430206 0.432632 0.435 0.437315 0.439578 0.441791 0.443957 0.446078 0.448156 0.450193 0.45219 0.454151 0.456076 0.457967 0.459827 0.461656 0.463456 0.465229 0.466977 0.4687 0.4704 0.472079 0.473737 0.475376 0.476998 0.478604 0.480194 0.48177 0.483334 0.484885 0.486427 0.487958 0.489482 0.490998 0.492507 0.494017 0.495426 0.498563 0.470642 1 
0.401978 0.405139 0.408209 0.411193 0.414093 0.416914 0.419659 0.422331 0.424934 0.42747 0.429943 0.432355 0.43471 0.437009 0.439254 0.44145 0.443597 0.445697 0.447754 0.449769 0.451744 0.453681 0.455582 0.457448 0.459281 0.461083 0.462856 0.464601 0.466319 0.468012 0.469681 0.471329 0.472955 0.474561 0.47615 0.477721 0.479276 0.480816 0.482343 0.483858 0.485361 0.486854 0.488337 0.489813 0.491281 0.492743 0.494206 0.495568 0.498657 0.470689 1 
