0.398952 0.402199 0.405355 0.408422 0.411404 0.414306 0.41713 0.41988 0.42256 0.425172 0.427718 0.430203 0.432629 0.434997 0.437312 0.439575 0.441788 0.443954 0.446075 0.448153 0.45019 0.452188 0.454148 0.456074 0.457965 0.459825 0.461654 0.463454 0.465227 0.466975 0.468698 0.470398 0.472077 0.473735 0.475375 0.476997 0.478602 0.480193 0.481769 0.483333 0.484884 0.486426 0.487958 0.489481 0.490997 0.492507 0.494017 0.495426 0.498563 0.470642 1 
0.401978 0.405142 0.408212 0.411196 0.414096 0.416917 0.419662 0.422334 0.424937 0.427473 0.429946 0.432358 0.434713 0.437011 0.439257 0.441452 0.443599 0.4457 0.447757 0.449772 0.451747 0.453684 0.455584 0.45745 0.459283 0.461085 0.462858 0.464603 0.466321 0.468014 0.469683 0.47133 0.472956 0.474563 0.476151 0.477722 0.479277 0.480818 0.482344 0.483859 0.485362 0.486854 0.488338 0.489813 0.491282 0.492744 0.494206 0.495568 0.498657 0.470689 1 
0.405114 0.408188 0.411169 0.414065 0.416879 0.419615 0.422278 0.424869 0.427392 0.42985 0.432246 0.434583 0.436863 0.439089 0.441264 0.443389 0.445467 0.4475 0.449491 0.45144 0.453351 0.455225 0.457063 0.458868 0.460641 0.462384 0.464098 0.465785 0.467447 0.469084 0.470698 0.47229 0.473862 0.475415 0.47695 0.478469 0.479972 0.481461 0.482937 0.4844 0.485853 0.487296 0.488729 0.490155 0.491574 0.492987 0.494401 0.495714 0.498755 0.470737 1 
0.408358 0.411337 0.414225 0.417029 0.419754 0.422403 0.424979 0.427485 0.429926 0.432302 0.434619 0.436878 0.439081 0.441232 0.443333 0.445386 0.447393 0.449356 0.451278 0.45316 0.455005 0.456813 0.458588 0.46033 0.462041 0.463722 0.465376 0.467004 0.468606 0.470185 0.471742 0.473278 0.474795 0.476293 0.477773 0.479238 0.480688 0.482123 0.483547 0.484958 0.486359 0.48775 0.489132 0.490507 0.491876 0.493238 0.494601 0.495864 0.498855 0.470787 1 
0.411708 0.414588 0.417379 0.420088 0.42272 0.425277 0.427763 0.430182 0.432537 0.434829 0.437063 0.439241 0.441365 0.443438 0.445463 0.447441 0.449374 0.451266 0.453117 0.454929 0.456705 0.458447 0.460155 0.461832 0.463479 0.465098 0.46669 0.468256 0.469799 0.471318 0.472816 0.474294 0.475753 0.477194 0.478619 0.480028 0.481423 0.482804 0.484173 0.485531 0.486878 0.488217 0.489547 0.490869 0.492185 0.493496 0.494807 0.496018 0.498958 0.470839 1 
0.415161 0.417938 0.420628 0.423238 0.425773 0.428235 0.430629 0.432957 0.435222 0.437428 0.439576 0.44167 0.443713 0.445705 0.447651 0.449552 0.45141 0.453227 0.455005 0.456746 0.458452 0.460124 0.461765 0.463375 0.464956 0.46651 0.468038 0.469542 0.471022 0.472481 0.473918 0.475337 0.476737 0.47812 0.479487 0.480839 0.482177 0.483503 0.484816 0.486119 0.487412 0.488696 0.489972 0.49124 0.492503 0.49376 0.495019 0.496177 0.499063 0.470892 1 
0.418715 0.421384 0.423969 0.426477 0.428911 0.431275 0.433573 0.435807 0.43798 0.440096 0.442156 0.444164 0.446122 0.448032 0.449896 0.451718 0.453498 0.455238 0.456942 0.458609 0.460243 0.461844 0.463415 0.464956 0.46647 0.467957 0.46942 0.470859 0.472276 0.473672 0.475048 0.476405 0.477745 0.479068 0.480376 0.48167 0.48295 0.484218 0.485475 0.486721 0.487958 0.489186 0.490407 0.491621 0.492829 0.494031 0.495235 0.496339 0.499171 0.470946 1 
0.422366 0.424924 0.4274 0.429801 0.432132 0.434394 0.436593 0.438729 0.440808 0.44283 0.4448 0.446719 0.44859 0.450415 0.452196 0.453936 0.455636 0.457298 0.458924 0.460516 0.462076 0.463604 0.465103 0.466574 0.468019 0.469438 0.470834 0.472207 0.473559 0.47489 0.476203 0.477498 0.478776 0.480038 0.481286 0.482519 0.483741 0.48495 0.486148 0.487337 0.488517 0.489688 0.490852 0.492009 0.493161 0.494308 0.495456 0.496505 0.499282 0.471001 1 
0.426112 0.428554 0.430917 0.433209 0.435432 0.43759 0.439685 0.441722 0.443703 0.44563 0.447506 0.449334 0.451115 0.452853 0.454549 0.456204 0.457822 0.459404 0.460951 0.462466 0.463949 0.465403 0.466829 0.468228 0.469602 0.470952 0.472279 0.473584 0.474869 0.476135 0.477383 0.478614 0.479829 0.481029 0.482214 0.483387 0.484548 0.485697 0.486836 0.487966 0.489087 0.4902 0.491306 0.492406 0.493501 0.494591 0.495682 0.496674 0.499395 0.471057 1 
0.429949 0.432271 0.434518 0.436696 0.438808 0.440858 0.442848 0.444782 0.446662 0.448491 0.450271 0.452005 0.453695 0.455343 0.456951 0.458521 0.460055 0.461554 0.463021 0.464456 0.465862 0.467239 0.46859 0.469916 0.471217 0.472496 0.473753 0.474989 0.476206 0.477405 0.478587 0.479753 0.480903 0.482039 0.483162 0.484272 0.485371 0.48646 0.487538 0.488607 0.489669 0.490723 0.49177 0.492811 0.493848 0.494879 0.495913 0.496847 0.49951 0.471115 1 
0.433873 0.436072 0.438198 0.440259 0.442257 0.444196 0.446078 0.447906 0.449683 0.451411 0.453093 0.454731 0.456327 0.457883 0.459401 0.460883 0.462331 0.463746 0.46513 0.466484 0.467811 0.469111 0.470385 0.471635 0.472863 0.474069 0.475254 0.476421 0.477568 0.478699 0.479813 0.480912 0.481997 0.483068 0.484127 0.485174 0.48621 0.487236 0.488253 0.489261 0.490261 0.491255 0.492242 0.493224 0.494201 0.495173 0.496148 0.497023 0.499627 0.471173 1 
0.43788 0.439952 0.441955 0.443895 0.445776 0.447601 0.449371 0.451091 0.452762 0.454387 0.455968 0.457507 0.459007 0.46047 0.461896 0.463289 0.464648 0.465978 0.467277 0.468549 0.469795 0.471015 0.472212 0.473385 0.474538 0.47567 0.476782 0.477877 0.478954 0.480015 0.481061 0.482092 0.48311 0.484115 0.485108 0.486091 0.487063 0.488025 0.488979 0.489925 0.490864 0.491796 0.492722 0.493643 0.49456 0.495472 0.496386 0.497202 0.499746 0.471233 1 
0.441967 0.443908 0.445784 0.4476 0.449361 0.451068 0.452725 0.454333 0.455896 0.457415 0.458894 0.460333 0.461735 0.463101 0.464434 0.465735 0.467005 0.468247 0.469461 0.470649 0.471812 0.472951 0.474068 0.475164 0.47624 0.477296 0.478335 0.479357 0.480362 0.481352 0.482328 0.483291 0.484241 0.485179 0.486106 0.487022 0.487929 0.488828 0.489718 0.4906 0.491476 0.492346 0.49321 0.494069 0.494924 0.495775 0.496629 0.497384 0.499867 0.471293 1 
0.446129 0.447935 0.449681 0.45137 0.453008 0.454595 0.456135 0.45763 0.459082 0.460494 0.461867 0.463204 0.464505 0.465774 0.467012 0.468219 0.469399 0.470551 0.471677 0.47278 0.473859 0.474916 0.475953 0.476969 0.477967 0.478947 0.479911 0.480858 0.481791 0.482709 0.483615 0.484507 0.485388 0.486258 0.487117 0.487967 0.488808 0.489641 0.490467 0.491285 0.492097 0.492903 0.493704 0.494501 0.495294 0.496083 0.496875 0.497568 0.49999 0.471355 1 
0.450361 0.452029 0.453641 0.455201 0.456712 0.458177 0.459598 0.460977 0.462317 0.463618 0.464885 0.466117 0.467317 0.468486 0.469627 0.47074 0.471826 0.472888 0.473926 0.474941 0.475935 0.476909 0.477863 0.4788 0.479719 0.480621 0.481508 0.482381 0.483239 0.484085 0.484918 0.48574 0.486551 0.487351 0.488143 0.488925 0.489699 0.490466 0.491225 0.491979 0.492726 0.493468 0.494206 0.494939 0.495669 0.496395 0.497124 0.497755 0.500115 0.471417 1 
0.454658 0.456185 0.457661 0.459088 0.460471 0.461811 0.46311 0.464371 0.465596 0.466786 0.467943 0.469069 0.470166 0.471234 0.472276 0.473293 0.474285 0.475255 0.476202 0.47713 0.478037 0.478926 0.479798 0.480653 0.481492 0.482316 0.483125 0.483922 0.484705 0.485477 0.486238 0.486988 0.487728 0.488458 0.48918 0.489894 0.490601 0.4913 0.491994 0.492681 0.493363 0.49404 0.494713 0.495382 0.496048 0.496711 0.497376 0.497944 0.50024 0.47148 1 
0.459015 0.460399 0.461735 0.463028 0.464279 0.465492 0.466668 0.467809 0.468916 0.469993 0.471039 0.472058 0.473049 0.474015 0.474957 0.475876 0.476773 0.477649 0.478506 0.479344 0.480164 0.480967 0.481755 0.482527 0.483285 0.484029 0.48476 0.48548 0.486188 0.486885 0.487572 0.488249 0.488917 0.489577 0.490229 0.490874 0.491512 0.492144 0.49277 0.493391 0.494007 0.494618 0.495226 0.49583 0.496431 0.49703 0.497631 0.498135 0.500368 0.471544 1 
0.463427 0.464664 0.465859 0.467014 0.468132 0.469216 0.470266 0.471285 0.472274 0.473236 0.47417 0.475079 0.475964 0.476826 0.477667 0.478487 0.479287 0.480069 0.480833 0.481581 0.482312 0.483029 0.483731 0.48442 0.485096 0.48576 0.486412 0.487054 0.487685 0.488306 0.488919 0.489523 0.490119 0.490707 0.491289 0.491864 0.492433 0.492996 0.493554 0.494108 0.494657 0.495202 0.495744 0.496282 0.496818 0.497352 0.497889 0.498328 0.500496 0.471608 1 
0.467889 0.468977 0.470027 0.471043 0.472026 0.472978 0.473901 0.474797 0.475666 0.47651 0.477331 0.478129 0.478907 0.479664 0.480402 0.481122 0.481824 0.482511 0.483182 0.483838 0.48448 0.485109 0.485725 0.48633 0.486923 0.487506 0.488078 0.488641 0.489195 0.489741 0.490278 0.490808 0.491331 0.491847 0.492358 0.492862 0.493361 0.493855 0.494345 0.494831 0.495312 0.495791 0.496266 0.496739 0.497209 0.497677 0.498148 0.498522 0.500626 0.471673 1 
0.472394 0.473331 0.474235 0.475109 0.475955 0.476775 0.477569 0.478339 0.479087 0.479813 0.480519 0.481205 0.481874 0.482525 0.483159 0.483778 0.484382 0.484972 0.485549 0.486113 0.486665 0.487206 0.487735 0.488255 0.488765 0.489265 0.489757 0.490241 0.490717 0.491186 0.491648 0.492103 0.492552 0.492996 0.493434 0.493868 0.494296 0.494721 0.495142 0.495559 0.495973 0.496384 0.496792 0.497198 0.497602 0.498004 0.49841 0.498718 0.500757 0.471738 1 
0.476936 0.47772 0.478476 0.479207 0.479915 0.4806 0.481264 0.481908 0.482533 0.48314 0.48373 0.484303 0.484862 0.485406 0.485936 0.486453 0.486958 0.487451 0.487932 0.488404 0.488865 0.489316 0.489759 0.490192 0.490618 0.491036 0.491447 0.491851 0.492249 0.49264 0.493026 0.493406 0.493781 0.494152 0.494518 0.494879 0.495238 0.495592 0.495943 0.496292 0.496637 0.49698 0.497321 0.49766 0.497998 0.498333 0.498673 0.498915 0.500888 0.471803 1 
0.481516 0.482145 0.482751 0.483338 0.483906 0.484455 0.484988 0.485504 0.486005 0.486492 0.486965 0.487425 0.487873 0.488309 0.488734 0.489149 0.489553 0.489949 0.490335 0.490712 0.491082 0.491444 0.491798 0.492146 0.492487 0.492822 0.493152 0.493475 0.493794 0.494108 0.494417 0.494721 0.495022 0.495319 0.495612 0.495902 0.496189 0.496473 0.496755 0.497034 0.497311 0.497586 0.497859 0.49813 0.498401 0.498669 0.498943 0.499119 0.501025 0.471876 1 
0.486024 0.486497 0.486953 0.487394 0.487821 0.488234 0.488634 0.489022 0.489399 0.489765 0.49012 0.490466 0.490802 0.49113 0.491449 0.491761 0.492064 0.492361 0.492651 0.492935 0.493213 0.493484 0.493751 0.494012 0.494268 0.49452 0.494767 0.49501 0.495249 0.495485 0.495717 0.495946 0.496172 0.496395 0.496615 0.496833 0.497048 0.497261 0.497473 0.497682 0.49789 0.498097 0.498302 0.498506 0.498709 0.498911 0.499117 0.499226 0.50107 0.471824 1 
0.492283 0.492598 0.492903 0.493198 0.493482 0.493758 0.494025 0.494284 0.494536 0.49478 0.495017 0.495248 0.495473 0.495691 0.495904 0.496112 0.496315 0.496513 0.496707 0.496896 0.497081 0.497263 0.497441 0.497615 0.497786 0.497954 0.498119 0.498281 0.498441 0.498598 0.498753 0.498905 0.499056 0.499205 0.499352 0.499497 0.499641 0.499783 0.499924 0.500064 0.500203 0.500341 0.500477 0.500614 0.500749 0.500884 0.501023 0.50107 0.502798 0.473877 1 
0.467498 0.467656 0.467808 0.467956 0.468098 0.468236 0.46837 0.4685 0.468625 0.468748 0.468866 0.468982 0.469094 0.469204 0.46931 0.469414 0.469516 0.469615 0.469712 0.469806 0.469899 0.46999 0.470079 0.470166 0.470251 0.470335 0.470418 0.470499 0.470579 0.470658 0.470735 0.470812 0.470887 0.470961 0.471035 0.471108 0.471179 0.471251 0.471321 0.471391 0.471461 0.47153 0.471598 0.471666 0.471734 0.471801 0.471875 0.471823 0.473877 0.440682 1 
1 1 1 1 1 1 1 1 1 1 1 1 1 1 1 1 1 1 1 1 1 1 1 1 1 1 1 1 1 1 1 1 1 1 1 1 1 1 1 1 1 1 1 1 1 1 1 1 1 1 1 
